15096
14600
19924
16787
15368
20476
15654
18793
20969
18143
18127
18153
22484
21779
22780
17238
20894
18696
21145
24060
21139
24297
21948
19286
21481
20744
19826
20565
22264
26345
24217
26857
26426
24467
27900
22358
24553
27441
23615
22881
24584
27294
28459
24661
27801
28318
30697
30001
25458
30513
29598
32252
27656
27912
31102
29417
32570
30431
29944
30671
34556
28513
29990
30472
34091
32659
35130
34153
30305
33001
35889
33272
31830
35225
33558
33087
34552
35279
35064
37931
36047
38705
37790
35135
40425
39994
35414
40723
39326
38121
36927
40094
42473
38904
42298
38934
38463
40851
41107
38742
44521
43134
42131
40486
45075
44358
45370
46588
41535
42022
47081
45694
43016
45929
45500
46718
48147
44070
47915
44808
48954
46815
46569
47055
47081
45653
51668
45910
49769
50731
49119
47423
53204
49385
50143
48904
49430
53523
51347
54780
54074
54065
50239
55804
50517
53918
50273
52246
52006
56595
56107
53752
58108
54264
58345
57387
54054
56211
58417
57705
60372
54869
60668
57065
57823
57336
61908
55649
62204
57608
56690
60777
60051
61566
58431
62507
58709
58710
59455
62622
63081
60950
63390
64555
980
63897
531
60769
63695
61281
2025
638
3028
64022
926
403
1641
3817
719
4329
64853
64854
63
85
65121
1558
97
5907
3551
1366
2342
4499
4073
2879
2901
6782
8211
7294
5609
4415
6351
8518
8297
9786
10729
5234
11241
5473
6950
10089
10622
10878
8952
10428
12337
8022
8533
8789
10488
11964
10248
13161
13894
10070
11046
10837
11558
11814
13519
14524
14031
14287
17210
16510
15804
12641
15096
17534
15849
18737
15368
17596
20457
16406
19755
20538
18579
18835
20779
17942
22035
17958
20633
21353
17778
17761
19007
18273
23866
20502
20488
23678
24625
23913
21286
22520
23017
26387
21845
22335
26411
27194
26494
24809
26044
27953
26079
24149
23922
28977
29498
