53807
23679
3464
36275
44802
45114
36203
20841
33290
40189
25131
38095
40635
40128
30348
35904
17077
58099
28788
23882
54561
22641
16025
51173
32867
38009
50803
46899
52616
31893
63506
31300
50920
35970
5532
10797
159
13666
10253
57451
28748
20699
6197
46294
14779
22881
55091
61792
31266
17478
18707
15608
14886
19945
17596
18814
17631
20969
20755
16678
16214
18639
22740
22505
16737
23508
18239
23529
18982
19007
18774
23601
24339
23851
19798
24363
22931
23007
26836
23017
22550
26161
25246
27900
23574
27450
27179
26265
23154
27518
25110
26089
27324
28742
28521
24946
29033
25458
27881
26687
29372
31546
30846
31102
32531
29673
31593
32126
31641
30697
30953
30968
32665
33385
29537
34603
35121
35642
32278
33759
36410
36401
32575
35945
36678
35295
36028
35535
36761
34598
34389
39443
37785
34401
38297
40250
36159
38095
37880
36438
37414
42003
39145
42298
39416
40415
39176
41625
40440
39487
44307
42428
40255
41238
40278
41750
42006
41535
46825
41558
44953
46906
44767
44280
47891
46233
45971
49129
43634
49916
47513
46569
48489
47081
45653
47352
47608
49769
46422
46933
51014
47679
47446
52011
53481
48703
50409
53035
53553
49238
50440
54586
53145
54833
56316
55610
53471
53455
53240
53737
54223
56190
58580
53542
54294
59132
58161
56764
56041
56056
55830
56809
57567
59262
57807
55666
58089
56661
56917
59836
61483
57685
62522
60383
59414
58709
61331
60182
62622
65001
60950
59489
61944
60001
64158
61014
63711
1513
1769
62038
61793
62805
409
2579
2835
2347
64550
1950
65062
3898
3198
1513
4883
1302
597
3737
4254
4249
3535
1121
2133
1906
4088
2901
3622
7729
5353
3442
5142
7785
4927
4466
8553
10042
7631
5490
11988
7446
12500
7231
9619
10393
10428
8255
7794
12358
8534
8790
12185
11923
9057
15337
13209
9825
10354
16852
13535
17364
11378
11634
13064
11873
12885
12385
15311
13887
13654
17310
17084
14194
14933
16632
19270
20282
18620
17656
20094
19388
17672
19151
20638
22547
19919
18952
21865
20687
22377
20728
22204
25556
24634
19553
20799
20566
22991
20850
21334
24990
21846
25241
25497
26014
23125
23381
23154
23410
29692
26089
30420
28062
29489
29254
28830
25686
25441
28639
30534
28649
26738
27477
31558
28454
31390
31164
28502
33811
33850
29759
29298
34618
34118
31510
36348
34409
34665
33487
32520
33769
34025
32114
32097
35475
35279
37675
39420
35817
38970
39226
37785
35622
39729
38553
40506
39326
41018
40041
40574
42003
38904
38678
40636
41113
40399
43057
39231
42601
41423
44563
39265
44593
46292
45105
44393
43215
42518
45161
45694
43768
47162
42582
42337
47665
47430
49404
47465
48954
46543
49683
45606
45862
45170
47593
46630
45665
49822
47167
47423
52243
49615
50323
50876
48214
49686
52606
53818
53318
55508
54803
50006
50982
51007
50273
53471
52006
53481
55198
52054
52082
55705
58345
53798
53823
57670
53345
58182
54847
55103
56809
57567
61180
58079
60465
60986
57126
60062
59359
56673
59599
58902
62022
58687
57953
63763
63275
58994
62099
60950
59762
63849
63123
65329
60786
1257
63695
64403
811
62294
2812
63752
1406
2091
2609
3130
3386
64597
64853
1257
1743
85
3004
831
2537
5690
7124
1366
1394
5481
3080
5308
3366
3157
5779
8250
3670
8006
7100
9009
8094
10748
5461
8083
11516
9577
10801
5985
10822
9619
7254
10131
9464
11422
10899
11452
13626
9992
12220
15081
12255
14641
14635
10081
13279
10593
12566
11378
14483
15036
16945
14328
13606
18665
15839
14600
17049
16607
19258
16847
18073
20713
20282
20011
18399
17912
18639
22524
20382
23252
21097
18005
19945
20201
20216
24572
21651
19775
22681
24107
25577
20082
21286
21768
21333
24734
25193
21846
24271
23078
26494
24086
27697
